     *     0     1     A     B     C     D     E     F     G     H     I     J     2     K     L     M     N     O     P     Q     R     S     T     3     U     V     W     X     Y     Z     a     b     d     e     4     f     g     h     n     q     r     t     5     6     7     8     9
     0   109     0     0     0     1     2     0     0     0     0     0     0     0     0     0     1     0    89     0     0     0     0     0     0     2     0     0     0     0     1     0     0     0     0     0     0     0     0     0     0     0     0     0     0     0     0     0
     1     0   147     0     0     0     0     0     0     0     0    11     0     0     0    49     0     0     0     0     0     0     0     0     0     0     0     0     1     0     0     0     0     0     0     0     0     0     0     2     1     0     0     0     0     0     0     0
     A     0     0   207     1     0     0     1     0     0     0     0     0     0     1     0     0     0     0     0     0     0     0     0     0     0     0     0     0     0     0     0     0     0     0     0     0     0     0     1     0     0     0     0     0     0     0     0
     B     0     0     0   202     0     0     0     0     0     0     0     0     0     0     0     0     0     0     1     0     2     0     1     1     1     0     0     0     0     0     0     1     0     0     0     0     0     0     0     0     0     0     0     0     0     0     0
     C     1     0     0     0   419     0     0     0     2     0     0     0     0     0     3     0     0     0     0     1     0     1     0     0     0     0     0     0     0     0     0     1     1     8     0     0     0     0     0     0     0     0     0     0     0     0     0
     D     0     0     0     2     0   220     0     0     0     0     0     0     0     0     0     0     0     7     2     0     0     0     0     0     0     0     0     0     0     0     0     1     0     0     0     0     0     0     0     0     0     0     0     0     0     0     0
     E     0     0     0     1     0     0   207     3     0     0     0     0     0     0     0     0     0     0     0     0     1     0     0     0     0     0     0     0     0     0     0     0     0     0     0     1     0     0     0     1     0     3     0     0     0     1     0
     F     0     0     0     0     0     0     2   196     0     0     1     0     0     0     0     0     0     0     2     0     0     0     2     0     0     0     0     0     0     0     0     0     0     0     0     5     0     0     0     0     0     0     0     0     1     0     0
     G     0     0     0     1     0     0     0     0   209     0     1     1     0     0     0     0     0     0     0     1     0     1     0     0     0     0     0     0     0     0     1     0     0     0     0     0     0     0     0     0     0     0     0     7     0     0     0
     H     0     0     2     0     0     0     0     0     1   197     0     0     0     2     0     1     0     0     0     0     1     0     0     0     1     0     0     0     1     0     0     0     0     0     1     0     0     0     0     0     0     0     0     0     0     0     0
     I     0    50     0     0     0     0     0     0     0     0   337     6     0     0    19     0     0     0     0     0     0     0     1     1     0     0     0     0     0     0     0     0     0     0     0     0     0     0     0     0     0     1     0     0     2     0     0
     J     0     1     0     0     0     0     0     0     0     0    10   390     0     0     0     0     0     0     0     0     0     2     1     0     0     0     0     0     0     0     0     0     1     0     0     0     0     0     0     0     0     0     0     0     0     0     0
     2     0     0     0     0     0     0     0     0     0     0     2     0   204     0     1     0     0     0     1     0     0     0     0     0     0     0     0     0     0    20     0     0     1     0     0     0     0     0     0     1     0     0     0     0     0     0     0
     K     0     0     0     0     1     0     0     0     0     0     0     0     0   425     0     0     0     0     0     0     1     0     0     0     1     0     1     4     0     0     0     1     0     0     0     0     0     0     0     0     0     0     0     1     0     0     0
     L     0    77     0     0     5     1     0     0     0     0    10     1     2     1   346     0     0     0     0     0     2     1     0     0     1     0     0     1     0     0     0     0     0     2     1     0     0     0     0     0     2     1     0     0     0     0     0
     M     0     0     0     0     0     0     0     0     0     2     0     0     0     1     0   440     2     0     0     0     0     0     0     0     1     1     1     0     0     0     0     0     0     0     0     0     0     0     3     0     0     0     0     0     0     0     0
     N     0     0     0     0     0     0     0     0     0     0     0     0     0     0     0     0   212     0     0     0     0     0     0     0     1     0     0     0     0     0     0     0     0     0     0     0     0     0     0     0     0     0     0     0     0     0     0
     O    95     0     0     1     4     5     0     0     0     0     0     0     0     0     0     0     0   333     2     2     0     0     0     0     3     0     0     0     0     0     0     0     1     0     0     0     0     0     1     0     0     0     0     0     0     1     0
     P     0     0     0     1     0     2     0     0     0     0     0     0     0     0     0     0     0     2   398     2     1     0     0     0     1     0     0     0     1     0     0     0     0     1     0     0     0     0     0     0     1     0     0     0     0     0     0
     Q     1     0     0     0     0     0     0     0     0     0     0     0     1     0     0     0     0     2     0   232     0     0     0     0     0     0     0     0     0     0     5     0     0     0     0     0     0     0     0     3     0     0     0     0     0     0     0
     R     0     0     1     3     0     0     0     0     0     1     0     0     0     1     0     0     0     0     1     0   192     0     0     0     0     0     0     0     0     0     0     0     0     2     0     1     0     1     0     0     0     0     0     0     0     0     0
     S     0     0     0     0     1     0     0     0     0     0     0     1     0     0     0     0     0     0     0     0     0   406     1     2     0     0     0     0     1     0     0     0     0     0     0     0     2     0     0     0     0     0    16     0     0     1     0
     T     0     0     0     0     0     0     0     0     0     0     2     1     0     0     0     0     0     0     0     0     0     0   193     0     0     0     0     0     1     0     0     0     0     0     0     0     0     0     0     0     2     2     0     0     5     0     0
     3     0     0     0     1     0     0     0     0     0     0     0     2     0     0     0     0     0     0     0     0     0     1     0   202     0     0     0     0     0     0     0     0     0     0     0     0     0     0     0     1     0     0     0     0     0     0     0
     U     1     0     0     0     0     1     0     0     1     1     0     0     0     2     0     0     0     1     0     2     0     0     0     0   383    20     2     0     2     0     1     0     1     0     2     0     0     0     0     0     0     0     0     0     0     0     0
     V     0     0     0     0     0     0     0     0     0     0     0     0     0     0     0     0     2     0     0     0     0     0     0     0    19   401     0     1     1     0     0     0     0     0     0     0     0     0     0     0     2     0     0     0     0     0     0
     W     0     0     0     0     0     0     0     0     0     0     0     1     0     0     0     1     1     0     0     0     0     0     0     0     5     0   433     0     0     0     0     0     0     0     0     0     0     0     0     0     0     0     0     0     0     0     0
     X     0     0     0     0     0     0     0     0     0     0     0     0     0     4     0     0     0     0     0     0     1     1     0     0     0     0     0   393     6     0     0     0     0     0     0     0     0     0     0     0     0     1     0     0     1     0     0
     Y     0     0     0     0     0     0     0     0     0     0     0     1     0     0     0     0     0     0     0     0     0     0     0     0     1     3     0     4   385     0     0     0     0     0     5     0     2     0     0     0     2     0     0     0     1     0     1
     Z     0     0     0     0     1     0     0     0     0     0     0     0    24     0     1     0     0     0     0     0     0     0     0     4     0     0     0     1     0   422     0     0     0     0     0     0     1     0     0     0     0     0     0     0     1     0     0
     a     0     0     0     0     0     0     0     0     3     0     0     0     6     0     0     1     0     1     0     2     1     0     0     0     1     0     0     0     0     0   213     0     1     0     1     0     1     0     1     3     0     0     1     0     0     0     5
     b     0     0     0     3     0     0     0     0     1     0     0     0     0     0     0     0     0     0     0     0     0     0     0     1     0     1     0     0     0     0     2   192     0     0     0     0     0     3     0     0     0     1     0    14     0     0     0
     d     0     0     0     0     0     1     0     0     0     0     0     1     1     0     0     0     0     1     0     0     0     1     0     0     0     0     0     0     0     0     0     0   187     0     0     0     0     0     0     0     0     0     0     0     0     1     0
     e     0     0     0     0     1     0     1     0     0     0     0     0     0     0     0     0     0     0     2     0     0     0     0     0     0     0     0     0     0     1     0     0     0   184     0     1     0     0     0     0     0     1     0     0     0     0     0
     4     0     0     2     1     0     0     0     0     2     1     0     0     0     0     0     0     0     0     0     0     0     0     0     1     2     0     0     1    10     0     2     0     0     0   200     0     0     0     0     0     0     2     0     0     0     0     0
     f     0     1     2     0     0     0     1    10     0     0     1     0     0     0     2     0     0     0     4     0     0     1     0     0     0     0     0     1     0     0     0     0     4     1     0   193     0     0     0     0     1     2     0     0     0     1     0
     g     0     0     0     0     1     0     0     0     0     0     0     1     0     0     0     0     0     0     0     0     0     5     0     0     0     0     0     0     2     0     2     0     0     0     1     0   155     0     0     5     0     0     0     0     0     1     3
     h     0     0     0     0     0     0     0     0     0     0     0     0     0     2     2     0     0     0     0     0     0     0     0     0     1     0     0     0     0     0     0     6     0     0     0     0     0   226     4     0     0     0     0     0     0     0     0
     n     0     0     0     0     0     0     0     0     0     0     0     0     0     0     1     1     4     1     0     1     1     0     0     0     2     0     3     0     0     0     0     0     0     0     0     0     0     5   212     0     0     0     0     0     0     0     0
     q     0     1     0     0     1     0     0     0     1     0     0     1     1     0     0     0     0     0     1     0     0     0     0     0     1     0     0     1     0     0     3     0     1     2     0     0    14     0     0   149     0     0     0     0     0     4    27
     r     0     1     0     0     0     1     0     1     0     0     0     0     0     0     0     1     0     0     0     0     3     0     1     0     0     1     1     1     4     1     1     0     0     0     0     0     0     0     0     0   199     0     0     0     0     2     0
     t     0     0     0     0     0     0     0     0     0     0     0     0     0     0     1     0     0     0     0     0     0     0     2     0     0     0     0     0     0     0     0     1     0     0     0     1     0     0     0     0     1   198     0     0     0     0     0
     5     0     0     0     0     0     0     0     0     0     0     0     1     0     0     0     0     0     1     0     0     0    30     0     0     0     0     0     0     0     0     0     0     0     0     1     0     0     1     0     0     0     0   165     0     0     0     0
     6     0     0     0     1     1     0     0     0     4     0     0     0     0     2     0     0     0     0     0     1     0     2     0     0     2     0     2     0     0     0     0    10     0     0     0     1     0     0     0     0     0     0     0   179     0     0     0
     7     0     0     0     0     0     0     0     1     0     0     0     0     0     0     0     0     0     0     0     0     0     0     0     0     0     0     0     0     3     4     0     0     0     0     0     0     0     0     0     0     0     1     0     0   213     0     0
     8     0     0     0     1     0     0     0     0     0     1     0     0     0     0     0     0     0     0     2     0     0     1     0     3     0     0     0     0     0     0     0     0     0     0     0     0     1     0     0     2     2     0     0     0     0   207     2
     9     0     0     0     0     0     0     0     0     0     0     0     0     0     0     0     0     0     1     0     0     0     1     0     2     0     0     0     0     1     0     2     0     0     0     2     0     5     0     0     9     0     0     0     0     0     0   203
